Multiple size <= 100
TEST 1 ARG:5 97 32 48 35 43 18 57 94 63 31 59 17 29 80 66 84 38 34 27 33 70 93 9 47 78 54 68 2 85 89 77 52 39 55 36 51 46 42 12 44 91 99 4 90 16 76 25 62 69 67 96 45 3 24 92 11 60 49 19 41 61 98 79 22 15 65 26 21 74 13 83 23 73 72 88 6 30 71 7 8 87 81 14 56 20 28 86 50 37 75 10 40 0 58 53 95 64 1 82
TEST 2 ARG:88 39 33 12 51 29 27 46 78 23 62 55 43 80 71 26 56 58 98 53 94 70 30 92 1 2 24 96 8 40 28 54 15 61 68 89 91 19 41 76 99 34 49 57 10 72 93 86 66 82 7 21 4 11 64 69 97 65 75 85 42 35 77 79 0 59 90 17 84 87 32 38 31 60 81 48 95 63 20 47 52 67 83 9 6 73 44 14 22 13 37 3 16 25 74 36 5 45 18 50
TEST 3 ARG:39 94 46 81 23 22 99 38 16 90 8 86 95 84 52 56 41 74 21 57 92 48 64 27 50 40 87 63 12 77 37 54 79 3 36 89 62 70 29 10 55 19 17 14 76 5 34 66 28 88 4 18 45 65 30 68 35 75 85 51 33 60 24 91 97 67 15 69 13 49 0 43 44 53 72 2 83 61 96 98 20 7 25 6 71 93 31 1 26 47 73 82 78 59 42 80 58 11 32 9
TEST 4 ARG:50 57 95 16 58 43 20 18 70 98 6 11 38 3 10 24 74 78 54 34 23 13 82 40 33 97 9 72 99 51 14 21 53 59 19 41 88 30 4 0 61 81 17 77 93 31 29 47 80 65 22 60 63 90 49 27 83 73 55 69 92 76 68 28 39 2 25 12 75 66 48 15 44 52 32 87 79 42 26 36 64 45 85 91 89 71 46 7 94 35 62 96 56 5 8 67 37 86 1 84
TEST 5 ARG:36 72 76 23 92 22 41 50 78 64 88 51 53 26 52 56 45 87 19 20 4 15 71 27 93 9 1 74 73 42 98 65 95 30 89 31 13 97 24 62 61 18 63 82 81 90 48 96 10 54 0 60 14 6 3 84 8 17 38 7 94 80 43 25 32 12 55 2 40 57 75 68 39 58 11 47 86 29 28 21 49 69 16 91 59 37 79 85 33 77 66 70 83 46 44 35 5 67 34 99
TEST 6 ARG:2 21 99 0 39 93 57 37 11 34 35 59 98 94 70 81 50 65 18 76 49 46 52 96 4 77 95 86 14 30 63 60 68 58 36 5 42 23 41 28 88 87 85 78 74 29 15 44 82 71 17 79 54 72 90 92 48 47 31 53 22 19 10 24 26 97 6 12 84 80 66 83 62 1 75 8 67 69 64 16 32 38 43 56 89 51 91 7 55 9 45 40 61 73 25 27 33 3 13 20
TEST 7 ARG:96 68 24 62 56 40 78 98 93 53 83 50 10 49 29 82 66 57 19 69 47 39 46 77 13 64 17 85 52 90 99 60 67 55 27 12 18 21 92 8 91 44 80 11 3 88 84 25 58 89 70 6 87 22 51 34 33 41 71 65 81 61 7 20 45 32 35 59 5 48 86 73 37 76 23 4 54 14 36 79 1 63 97 94 15 9 31 26 75 42 95 72 74 2 43 16 28 38 30 0
TEST 8 ARG:50 88 70 90 77 44 89 59 45 57 54 23 95 72 39 60 83 97 34 78 51 63 3 67 56 42 47 32 92 14 66 37 65 4 7 15 71 87 20 19 28 18 98 5 85 80 13 91 6 12 74 55 61 16 36 40 0 93 99 27 41 84 52 48 17 75 38 86 24 69 43 33 1 31 49 8 94 64 30 35 21 96 29 79 53 46 62 2 68 11 26 73 9 25 82 22 81 76 10 58
TEST 9 ARG:63 72 77 75 96 58 89 49 95 34 39 15 5 64 28 1 83 9 97 42 91 3 80 36 65 76 51 0 6 13 74 62 43 4 16 24 33 53 50 55 79 14 11 38 37 73 99 47 66 44 84 31 52 20 56 10 25 78 94 22 86 27 29 69 98 23 12 67 85 61 45 82 21 54 26 93 18 17 90 57 19 60 8 71 41 81 48 35 70 87 68 7 40 92 46 88 2 32 59 30
TEST 10 ARG:62 30 7 98 38 13 79 74 83 24 36 99 97 47 67 93 73 11 92 43 64 95 59 53 4 57 20 6 61 71 15 17 70 18 54 85 60 55 77 76 31 3 69 44 2 89 46 56 75 82 48 32 81 68 29 87 33 94 10 52 45 1 66 34 51 35 40 16 9 39 26 0 14 27 65 90 91 84 41 25 19 58 80 63 96 21 88 72 5 22 12 8 86 23 37 50 42 49 78 28
TEST 11 ARG:31 32 34 83 68 28 45 37 75 10 33 97 4 74 5 7 48 96 43 67 71 91 50 70 99 26 63 30 89 87 54 47 38 88 42 85 13 94 64 20 65 49 53 52 2 24 90 84 22 36 73 95 23 72 12 77 76 78 14 80 57 17 46 92 9 81 39 98 55 59 6 79 35 15 21 16 8 62 19 58 27 3 11 40 29 25 93 18 0 1 56 51 61 60 86 41 82 44 66 69
TEST 12 ARG:11 4 84 71 85 66 6 8 34 22 75 32 29 99 33 97 27 68 95 55 49 60 26 15 28 9 31 19 72 16 2 24 79 44 50 64 20 37 0 40 38 69 89 12 92 47 25 52 39 17 96 54 48 59 90 36 74 87 10 14 82 57 70 58 23 56 83 30 18 45 3 61 78 88 93 53 41 51 43 63 1 76 35 46 5 91 13 94 65 67 81 73 42 86 7 77 98 80 21 62
TEST 13 ARG:60 38 15 28 12 77 49 74 0 70 71 99 89 26 72 96 53 85 2 91 69 92 9 58 21 24 56 78 88 55 75 29 47 40 90 65 45 42 8 73 46 18 7 35 39 27 94 11 20 19 13 33 62 86 54 37 76 95 25 98 32 5 87 52 10 41 31 83 14 17 34 93 22 23 50 16 57 66 48 97 81 6 36 43 82 84 4 44 79 59 51 63 30 64 68 1 80 3 67 61
TEST 14 ARG:26 69 43 1 47 6 80 20 94 55 87 29 84 27 82 13 74 77 90 88 81 28 63 66 31 40 57 21 9 49 17 15 25 41 70 18 86 98 92 83 96 10 4 75 93 5 35 79 24 7 34 76 50 30 32 99 85 42 38 95 51 0 2 16 59 3 37 65 97 54 89 11 52 62 61 60 73 23 64 46 45 12 22 68 44 36 48 71 91 14 53 78 33 67 56 19 72 8 39 58
TEST 15 ARG:43 84 20 48 97 12 59 83 96 11 47 39 44 10 6 82 16 75 94 32 99 37 72 80 92 22 56 70 98 57 33 62 34 71 51 63 91 42 52 30 68 49 23 67 79 95 25 55 19 40 93 76 78 26 50 38 85 4 86 35 17 66 65 81 36 77 18 46 45 58 27 31 74 88 9 7 73 13 61 64 21 1 54 41 60 53 87 90 15 69 8 24 89 5 29 14 0 2 3 28
TEST 16 ARG:18 74 1 47 28 59 85 72 26 67 50 30 15 31 14 71 4 42 40 23 95 8 22 70 58 90 54 93 66 27 55 13 36 92 49 73 87 48 11 44 0 7 84 46 62 65 20 64 16 75 52 86 19 37 3 12 24 61 83 2 39 9 98 63 68 81 6 33 94 99 56 35 45 96 17 34 43 89 69 88 82 21 5 53 91 25 10 32 60 79 77 29 57 51 97 78 38 76 41 80
TEST 17 ARG:57 24 3 58 25 32 55 70 52 87 1 31 28 34 67 79 82 86 46 50 95 44 56 48 2 8 90 61 69 4 78 51 22 17 29 74 39 49 75 26 35 89 9 37 73 93 54 91 18 88 76 10 40 33 64 14 27 71 38 30 81 13 60 41 0 72 85 63 36 19 62 15 99 16 12 83 68 21 94 23 59 6 43 5 20 47 96 11 66 84 98 45 65 97 92 42 7 80 53 77
TEST 18 ARG:99 58 93 34 11 90 1 50 16 88 13 49 53 2 76 70 57 41 25 12 45 27 97 64 56 60 36 28 8 14 91 26 23 79 59 10 71 40 44 29 63 96 61 68 82 51 24 54 47 67 94 32 4 66 86 89 75 9 7 0 55 62 17 83 77 5 20 31 52 85 19 98 80 78 69 81 43 46 6 35 65 3 30 92 22 42 73 74 39 95 72 48 21 37 87 84 38 15 33 18
TEST 19 ARG:0 67 69 31 39 38 46 6 63 36 12 25 5 33 90 45 97 73 28 54 62 11 74 72 13 92 77 76 70 78 4 53 49 65 44 32 48 18 1 93 86 87 88 42 47 50 64 52 40 29 30 43 98 79 21 34 55 10 15 37 19 26 99 89 8 80 94 75 51 3 58 56 23 57 81 84 24 14 71 95 66 68 91 22 7 20 16 85 59 41 35 83 17 96 9 2 82 60 61 27
TEST 20 ARG:27 83 47 68 19 88 22 29 81 24 65 25 54 35 73 76 23 7 38 80 13 32 57 1 87 51 9 21 72 55 93 14 6 63 30 90 17 82 96 99 69 70 67 41 12 42 34 46 78 3 92 85 98 15 58 97 20 5 50 11 2 71 16 52 8 45 26 36 56 18 61 48 53 31 44 79 77 89 95 10 59 28 75 0 33 74 62 91 94 64 84 37 49 43 40 66 86 4 60 39
TEST 21 ARG:29 58 64 61 72 94 78 97 3 62 85 70 25 8 66 11 73 89 14 81 68 67 16 60 47 52 93 40 91 44 57 49 65 48 23 80 22 2 84 87 98 50 7 79 28 4 0 96 21 43 69 53 41 55 76 6 51 15 24 74 63 35 45 9 86 39 54 13 38 27 99 95 36 88 90 30 34 19 92 56 1 32 10 77 59 26 31 71 12 83 33 20 46 75 18 17 5 37 42 82
TEST 22 ARG:73 95 23 90 63 80 81 72 87 14 66 20 18 5 94 3 16 4 58 45 36 0 62 93 37 65 77 39 38 42 27 35 92 43 25 79 60 11 31 28 19 67 49 44 15 47 78 22 54 52 51 40 85 33 75 89 53 88 57 61 70 29 56 13 2 82 6 74 59 8 21 99 68 10 17 76 9 46 34 71 69 30 50 98 91 41 86 97 32 7 84 24 64 1 83 26 12 96 55 48
TEST 23 ARG:65 99 49 55 39 44 30 33 48 21 53 7 36 20 38 32 54 69 93 52 11 43 61 23 13 12 51 28 70 24 68 50 75 77 35 82 46 74 8 97 22 18 80 15 85 79 0 78 89 66 86 19 17 34 27 29 94 58 60 1 37 5 57 10 91 45 92 84 42 63 62 14 72 56 87 25 2 6 73 81 59 9 31 98 88 90 40 26 41 64 3 4 71 83 95 67 96 76 47 16
TEST 24 ARG:10 95 21 69 25 96 41 39 2 59 51 79 24 0 38 42 40 12 9 50 82 19 27 3 52 37 64 77 31 36 17 1 35 94 18 68 99 28 26 56 58 83 55 98 29 54 75 84 78 71 13 11 63 20 73 47 65 46 8 15 14 43 67 70 4 62 60 66 80 48 22 91 53 33 85 7 89 49 45 30 61 81 44 74 93 5 87 34 76 90 72 57 92 32 23 97 88 16 86 6
TEST 25 ARG:94 16 97 57 12 60 11 66 22 27 26 85 72 5 80 70 24 78 10 65 8 4 17 39 95 13 59 88 7 50 9 30 31 3 54 21 71 61 23 34 67 49 28 64 53 75 56 36 45 76 77 33 84 18 68 55 99 40 32 37 92 62 1 19 41 79 38 81 89 58 52 14 91 96 93 43 82 69 48 0 6 98 15 83 44 47 74 42 25 20 2 29 86 35 90 63 73 46 51 87
TEST 26 ARG:87 10 0 48 13 95 71 4 31 18 75 67 54 46 24 96 29 1 77 70 39 23 64 92 21 12 14 99 93 55 98 47 3 35 22 94 49 16 90 9 33 80 82 7 34 26 53 56 83 20 79 37 68 86 76 41 66 69 78 52 45 59 74 42 57 63 8 73 30 84 40 61 51 19 50 43 97 62 25 28 27 11 17 81 88 36 5 89 65 72 91 32 44 85 38 6 15 60 2 58
TEST 27 ARG:85 60 52 69 64 8 24 51 0 38 61 2 43 10 11 46 53 3 19 36 83 58 23 66 40 81 79 93 96 17 33 30 99 90 76 28 77 62 88 98 50 47 5 35 92 7 18 13 68 67 48 87 70 73 91 74 63 6 12 97 15 9 49 45 71 57 4 20 16 89 44 55 54 31 27 22 75 39 1 59 65 72 21 32 29 42 34 37 26 56 94 25 95 41 84 80 82 78 86 14
TEST 28 ARG:75 64 55 97 17 99 82 69 6 38 0 35 52 7 39 90 40 29 47 58 76 81 95 66 49 33 70 25 93 32 78 16 34 83 22 28 60 87 31 3 73 77 48 4 91 20 26 67 15 79 50 51 86 54 5 62 98 44 89 74 23 85 68 14 96 53 88 12 21 30 80 45 46 92 72 41 37 9 8 71 19 61 42 56 1 63 10 43 18 13 36 59 24 65 11 84 2 57 94 27
TEST 29 ARG:94 1 90 51 85 28 31 61 25 0 86 79 32 17 91 59 19 40 52 89 3 45 97 13 78 87 21 84 2 9 95 46 62 43 38 35 37 96 77 39 27 64 80 16 63 88 20 15 18 58 53 72 60 54 34 75 92 98 71 66 68 65 93 33 82 47 49 57 55 11 99 8 26 70 4 48 7 42 24 56 41 36 10 50 81 29 74 6 5 23 22 69 67 76 30 83 12 73 44 14
TEST 30 ARG:97 36 43 91 27 54 65 53 88 21 58 47 33 68 39 12 70 20 74 19 77 15 18 52 11 29 9 90 67 34 46 63 87 83 76 26 2 64 72 6 32 55 5 49 59 85 1 35 25 56 48 14 51 10 45 31 60 92 98 22 62 44 94 3 89 50 81 66 96 86 24 57 75 30 8 28 73 99 95 93 42 41 78 69 16 61 0 4 79 17 37 71 80 40 7 38 23 13 84 82
TEST 31 ARG:28 0 90 45 70 49 38 9 63 29 86 87 25 94 14 1 4 18 82 21 6 64 37 76 22 96 75 11 44 42 81 43 8 60 39 72 24 54 36 53 13 67 98 20 33 69 95 55 35 83 61 23 73 17 12 77 7 19 3 66 32 89 52 26 88 79 84 58 51 56 41 57 62 48 27 2 74 40 5 30 50 85 91 92 46 99 34 47 65 80 78 16 10 31 15 59 97 93 71 68
TEST 32 ARG:7 82 25 15 30 84 20 44 31 12 21 47 28 10 5 35 67 83 17 87 42 72 98 39 77 70 48 41 6 33 53 81 3 94 68 27 40 69 90 13 93 24 29 66 50 76 63 54 38 74 16 99 60 4 75 65 59 32 0 88 8 2 51 89 34 62 11 58 46 26 9 97 45 19 96 71 56 85 1 95 23 52 55 64 80 92 78 57 61 91 36 86 73 18 49 79 43 14 22 37
TEST 33 ARG:64 45 53 59 34 63 67 26 76 85 80 30 94 55 14 87 58 52 4 77 83 25 78 44 79 91 7 54 22 75 73 66 88 99 56 21 12 65 74 82 50 60 28 38 2 72 16 33 42 95 37 6 62 29 84 43 36 23 18 10 8 27 15 47 96 35 86 90 71 48 3 19 98 49 31 40 97 81 46 92 1 68 5 57 70 17 11 69 32 89 39 93 24 20 13 9 41 0 61 51
TEST 34 ARG:30 3 83 40 50 1 46 47 58 82 91 64 86 76 84 23 79 94 39 44 73 95 29 42 61 27 96 18 15 16 52 10 69 6 20 11 65 53 21 8 59 26 32 13 92 87 38 12 78 98 19 85 63 24 5 71 90 67 9 60 88 93 80 75 81 31 17 74 34 72 70 36 57 54 37 4 68 51 33 62 25 56 41 55 14 22 2 48 0 66 7 77 99 49 43 97 28 89 45 35
TEST 35 ARG:32 88 27 1 65 70 31 92 16 50 52 34 14 83 87 62 8 60 5 75 2 21 39 15 66 73 11 76 98 74 90 4 63 7 25 42 12 26 57 10 81 77 36 47 0 53 37 19 18 86 22 89 80 33 58 85 79 93 97 24 54 35 9 64 78 29 44 28 61 67 84 72 56 91 51 41 49 99 94 20 17 38 6 71 46 96 3 13 69 59 45 30 68 48 95 43 40 82 23 55
TEST 36 ARG:2 29 6 58 66 73 33 4 84 11 38 79 65 26 40 50 16 7 72 69 52 93 36 9 28 75 13 14 21 88 61 97 45 46 89 35 1 98 83 39 85 68 87 0 67 82 47 81 37 8 17 57 32 27 70 34 18 92 25 3 15 56 5 53 77 48 71 59 86 74 62 20 41 49 24 91 60 19 51 76 23 96 10 95 63 90 43 12 78 55 94 31 42 54 30 44 22 99 64 80
TEST 37 ARG:22 37 15 67 0 9 80 56 38 7 39 92 62 3 26 97 94 12 69 83 91 46 79 43 16 32 88 53 29 25 36 85 58 77 34 99 42 35 14 70 54 51 8 10 82 55 64 19 40 84 60 78 89 23 63 5 41 4 11 87 73 2 13 98 20 93 61 28 44 81 71 6 21 52 68 75 30 74 24 45 76 17 33 48 1 27 31 96 95 59 50 18 57 90 47 65 49 72 66 86
TEST 38 ARG:18 99 68 4 3 83 47 59 73 8 31 46 22 26 93 84 12 79 5 60 76 54 36 34 64 87 16 51 94 78 70 88 2 66 15 37 33 53 9 81 61 32 29 95 55 25 40 44 19 48 62 97 17 63 90 6 56 39 89 75 65 85 45 57 82 71 7 98 23 96 30 42 91 67 69 77 41 92 28 21 52 1 74 10 43 72 35 20 38 24 50 58 13 14 86 27 0 11 80 49
TEST 39 ARG:23 69 40 46 67 72 12 68 45 31 94 28 44 52 30 11 24 0 13 7 6 5 25 62 77 65 58 15 56 50 89 53 60 42 38 61 88 29 43 78 21 96 1 75 19 90 86 74 41 87 95 10 57 4 2 54 34 98 63 82 47 26 66 91 70 85 35 33 49 3 8 18 97 14 81 76 48 99 20 39 59 51 71 73 17 16 37 22 84 93 55 92 83 32 27 9 36 64 80 79
TEST 40 ARG:93 95 4 83 27 29 28 2 32 5 8 76 40 66 82 1 42 48 55 35 17 68 52 25 23 71 38 13 64 70 30 51 78 56 3 50 99 77 69 58 15 94 18 85 86 61 91 49 14 9 89 26 19 72 43 88 44 21 6 98 67 16 63 20 92 84 46 31 7 90 54 53 79 36 41 34 10 87 47 59 60 73 0 65 45 57 11 80 39 74 81 37 12 96 24 97 62 75 22 33
TEST 41 ARG:71 73 16 52 82 95 76 44 59 78 6 11 34 90 91 25 30 96 20 85 88 50 13 18 41 99 94 24 63 77 68 31 49 74 8 1 0 61 45 4 28 93 97 98 87 83 9 62 75 17 70 5 36 46 14 84 2 42 60 48 35 38 10 22 23 33 29 19 86 65 32 47 55 37 58 57 53 80 79 39 64 12 7 40 72 69 43 66 15 54 56 89 27 81 51 92 21 3 26 67
